# RLNC blockId -> K 位系数向量（设计 5.2）
# 格式: <K> <blockId> <hex，低位在前，每字节承载 8 个源块索引>
1 0 01
1 1 01
1 2 01
1 3 01
1 17 01
1 255 01
1 4096 01
1 65535 01
1 1000000 01
1 4294967295 01
2 0 01
2 1 01
2 2 01
2 3 02
2 17 02
2 255 02
2 4096 01
2 65535 02
2 1000000 03
2 4294967295 02
8 0 01
8 1 75
8 2 dd
8 3 52
8 17 b6
8 255 36
8 4096 45
8 65535 be
8 1000000 73
8 4294967295 b4
32 0 01000000
32 1 7549f558
32 2 ddff5636
32 3 52fa8567
32 17 b669a1e7
32 255 369b4f67
32 4096 452921ef
32 65535 be325f01
32 1000000 730f8776
32 4294967295 b443862d
33 0 0100000000
33 1 7549f55800
33 2 ddff563600
33 3 52fa856700
33 17 b669a1e700
33 255 369b4f6700
33 4096 452921ef00
33 65535 be325f0101
33 1000000 730f877600
33 4294967295 b443862d00
100 0 0000000052e5fc019ed2f8040d
100 1 7549f558269bd05d400f5b1903
100 2 ddff5636f407835ebd2bf4b505
100 3 52fa8567c42039d1448db3c40f
100 17 b669a1e7025f1d5307cadbbc08
100 255 369b4f674ed691c5535ed9c204
100 4096 452921ef8ea695d33e1d017b04
100 65535 be325f0133473c4895103af301
100 1000000 730f877640a764b6748142100f
100 4294967295 b443862d4a18589e4935d71b0e
892 0 0000000052e5fc019ed2f804bd1d8c0f57a1a56bf9b77f0547fba45ee2a57391cad8f360087b0f23193d1558ccbe1b6d1876eb3354c1a2ddf2bcd0d5dad082d4bda5a62c96ceaf4313ef0872bb20d2e4c7c421cb90fc716141fa2ef116600d4eccfdcffd624bceabb6315a0876cb690b
892 1 7549f558269bd05d400f5b19132c145b78533a84af6c56445b3ca9df40bf8c1f8fd522fc03fd236368f13eab8043605925f7fd7cf44d8c92bc70b5cacfe98aa9ddea5cb8d4e9f125fcd55fa1c79fae6282067ed83979ac694dcf6f992b5cfad08c2140cb7b91383980b32ae32898ba08
892 2 ddff5636f407835ebd2bf4b5f5acb9bd0d6dc5393695b8a20e1eb278551fd793d6fb0c97bff6ff883084c2d55e3eca8abcbb30e8290d62ea817e193f85fd8c5db1e16c73cb29ceec4b2b2942d209e668299cb87ce064887256191f7d1e89aaddcd975a6ebb9756a1f36603d80577560a
892 3 52fa8567c42039d1448db3c42fb6a7670da3ab1ccf8af1c3256418efaa5f20dc4fcdbedfe1632e0cbdf1ab4fca2b76484a19f09bc2d895ffeddd32f0436d8782ab10cc8fb804e612208e216184a1982dab4c3ea1c2ea6d0eba7b286341859f98f32075ae56a06143435dfa392abb7901
892 17 b669a1e7025f1d5307cadbbcb85ca55fbe9521f122b0c9908e1a41dcc38b7dada312ce73403b12a05381ee469d55af7ebd2fb94343528871f6de2273ec95d5549d68b49528aed3221034963e613a551af911c1d3bbaf2c9dc669ecb2442656ccf8c43f5bc13d10d5c8cefe6b0c15e00c
892 255 369b4f674ed691c5535ed9c2a4e585f5bd618ebcb17a489d0a9c02069b8d75a914ce3b3646c6b2cddbd0837710d94b335ef00562930cc3dd9cd4e450611d32c40f3586d147d2794935ee448035b1c021c5cc129ab7bc77b90560be890033312b961441a89e0cc61dadb9524c661f750a
892 4096 452921ef8ea695d33e1d017b647ec65bd6ebb68feb26d743977591d2ee2a057d305b343082bfb7d22c1f3682b6f2b0a59a3e1c349ea1ae9661ccac904a134b1f64dd63e891c9cdd5d0c41b79311967b1b3ea49491fab6f8619347e525afa86c51f3f5ed855847c7d9a978c5c56b9800b
892 65535 be325f0133473c4895103af391e82b83279e27d2fe618fb0c62bceda133a6935cfd32cb301d0a80dab2430fe6795713b84aaf002d0724746ce297239fe75a1242888b5bc7f00976f5dc4cba9dd427dd66d8018be147f9550c283249035ed3cb6552429a3571177b9887300dcdf477f0f
892 1000000 730f877640a764b6748142103ff62db9550f6e2293fddc984b97a0d50bc8f1e05c9709774608286615183ee448b259f8eff59546c626458813f777a24df707682f41496803c52a47bf982983a10129654a5eeb2b3bffc0284eb691ae358d302a65f81d0f6d793ec150ec246950e6970f
892 4294967295 b443862d4a18589e4935d71bcece0ad1fa8b9736bab629d27b3e72819b229de74bacb9b8df57341ba8d23a7e0ef978e2669c1f944051104f5675fb62a864132f422c6853dd4e0a308330527044cbe26a96b6c69b855bc6ff71badfba73ae95484a84900ceca919c01d10243d8425c202
1748 0 0000000052e5fc019ed2f804bd1d8c0f57a1a56bf9b77f0547fba45ee2a57391cad8f360087b0f23193d1558ccbe1b6d1876eb3354c1a2ddf2bcd0d5dad082d4bda5a62c96ceaf4313ef0872bb20d2e4c7c421cb90fc716141fa2ef116600d4eccfdcffd624bceabb6315a0876cb699ba2e93afc8389d500bdd5867a1c60aafd783415a913f3a61221d44e661e0adf476e179297a365fa49f5eda6c7c0ff27f5cffd89718df97523b5dfd605eba00b2beab60ae43bc402090c229186b1645eacfffad036853d5a439762f569ab59458d6c63b41092e94068884f03
1748 1 7549f558269bd05d400f5b19132c145b78533a84af6c56445b3ca9df40bf8c1f8fd522fc03fd236368f13eab8043605925f7fd7cf44d8c92bc70b5cacfe98aa9ddea5cb8d4e9f125fcd55fa1c79fae6282067ed83979ac694dcf6f992b5cfad08c2140cb7b91383980b32ae32898ba38f2233c5cfb7bbaa9eb9d90328965fdae6452ba218895db354a524f302f808ffdbf8a5ed364ac0b77acfca847260f1e7f9a0b28b200519745a5eacbad7b9719453210ee1dc1d1282672b3c77abb628e22c0ada417c64a631112a362286b37efe2a3655ad84123d09c1e5d0e
1748 2 ddff5636f407835ebd2bf4b5f5acb9bd0d6dc5393695b8a20e1eb278551fd793d6fb0c97bff6ff883084c2d55e3eca8abcbb30e8290d62ea817e193f85fd8c5db1e16c73cb29ceec4b2b2942d209e668299cb87ce064887256191f7d1e89aaddcd975a6ebb9756a1f36603d80577561ad01e9a4ab98690a27485fe05c39ea9cc39d28ce08a095d7aaafd2d16a42819fe5848a032fa5c3394b55ac53bd51754940f6d69eb198c2c97b39141f05fa551113ff40ec59395d61bebf4d75861d43341dd01ebdd008e0208594aadfc0137aff93eb26a136ed0636448900f
1748 3 52fa8567c42039d1448db3c42fb6a7670da3ab1ccf8af1c3256418efaa5f20dc4fcdbedfe1632e0cbdf1ab4fca2b76484a19f09bc2d895ffeddd32f0436d8782ab10cc8fb804e612208e216184a1982dab4c3ea1c2ea6d0eba7b286341859f98f32075ae56a06143435dfa392abb79414d7faaaac73bdae70e9c93d2c5ac307e04afb507c1a408a4eebd7268e7696ea0b93ee13428ded85839350c211c3bd95bbd1bae8c9eff44252c1e2313afac1c953b33e1b9987d94534d317378acb443f09ed13e5244380e0f5fcd8fb1719d9249ea67f1129d22e9cb742809
1748 17 b669a1e7025f1d5307cadbbcb85ca55fbe9521f122b0c9908e1a41dcc38b7dada312ce73403b12a05381ee469d55af7ebd2fb94343528871f6de2273ec95d5549d68b49528aed3221034963e613a551af911c1d3bbaf2c9dc669ecb2442656ccf8c43f5bc13d10d5c8cefe6b0c15e05c120a67c217749c3bcf4ac65ab1d8856c0d6afe35154e1617a55f88da6315d0d7416a379b7b8f708402dc3251cc659f5ee115dbf944ec0becc6b8b37f9539abfcf2078a7e52382cdef19f581e3a79c76da05e61b2ce7196431093354ad1c7c409363c63145205260800ff01
1748 255 369b4f674ed691c5535ed9c2a4e585f5bd618ebcb17a489d0a9c02069b8d75a914ce3b3646c6b2cddbd0837710d94b335ef00562930cc3dd9cd4e450611d32c40f3586d147d2794935ee448035b1c021c5cc129ab7bc77b90560be890033312b961441a89e0cc61dadb9524c661f755a312cce3292c95d3fd99ee1e637b48847d4d192ce6cbe700f731a29ffe14d15dc6f0af0c8a925a95da5f3d78ad75613c689fec3a01253bfc909bb391d47910e704ac1df7aec504712ffd3adac3be2d97ef28cef149092ac19bdac6b45d8992295f60e7a0429ad12131e1f0c
1748 4096 452921ef8ea695d33e1d017b647ec65bd6ebb68feb26d743977591d2ee2a057d305b343082bfb7d22c1f3682b6f2b0a59a3e1c349ea1ae9661ccac904a134b1f64dd63e891c9cdd5d0c41b79311967b1b3ea49491fab6f8619347e525afa86c51f3f5ed855847c7d9a978c5c56b9800bfd9029646e2ad1495ce52a86074c99e426c25efdd33dacd2fed704759f81a1d637281add7b0debe5c8826225af29af8aacee520582f1fa7cc3f34f17a452770d4c26106e345361e38d908eca18eef15e3b1a3f44e03171142267c17d0fdd462cc00a437beb62de25980005
1748 65535 be325f0133473c4895103af391e82b83279e27d2fe618fb0c62bceda133a6935cfd32cb301d0a80dab2430fe6795713b84aaf002d0724746ce297239fe75a1242888b5bc7f00976f5dc4cba9dd427dd66d8018be147f9550c283249035ed3cb6552429a3571177b9887300dcdf477fbf68ed996b45a4233f84d2d75e88f72cdd52763b53fdbe09983b9525bcfabe07b163a05197d2ac5fb940c82378826107a7161b0017eb6241738015b7f1634427fdc1faa9dd110762754564acaa66d06e775eb24a4c6aceff64048196f6570a2eeb6d552dd6769780a4ea0605
1748 1000000 730f877640a764b6748142103ff62db9550f6e2293fddc984b97a0d50bc8f1e05c9709774608286615183ee448b259f8eff59546c626458813f777a24df707682f41496803c52a47bf982983a10129654a5eeb2b3bffc0284eb691ae358d302a65f81d0f6d793ec150ec246950e697efa32bfe467dd7d1119bdcdf21f3301fbc88989a79cdcdb356468f9a116250750a34d5738063b378c462ec7d7795f83aa151749358360e91763e8c0b5a97d68df7143c677adfa267ceb9b5ee6feda858ec642b9cc8dd029673d966ee83f82a8fa1177ef2b5f4d44d70c7be03
1748 4294967295 b443862d4a18589e4935d71bcece0ad1fa8b9736bab629d27b3e72819b229de74bacb9b8df57341ba8d23a7e0ef978e2669c1f944051104f5675fb62a864132f422c6853dd4e0a308330527044cbe26a96b6c69b855bc6ff71badfba73ae95484a84900ceca919c01d10243d8425c2124436a50f607614c4653fcd4eea3f9772eb7dcfd87f187a35157579b18d0ef25f5ec851b64a90c1a666fe7ff1d0a9eb57b02328f7bf9a943022a3bebeed4aa4dc9e0f2222b6eaa9a41c0ca7d60a88bad385e2e7d8a2096ca1891d03a500c8a6ba44e8ef1dcb5e73a948190d
